trial,pumps,reward,max_pumps,exploded,balloon_trial,balloon_idx,run
0,1,1,32,False,0,0,0
1,0,0,32,False,1,0,0
2,1,0,32,True,2,0,0
3,0,0,128,False,0,2,0
4,0,0,32,False,3,0,0
5,1,1,128,False,1,2,0
6,0,0,128,False,2,2,0
7,0,0,8,False,0,1,0
8,4,4,128,False,3,2,0
9,2,2,32,False,4,0,0
10,1,1,8,False,1,1,0
11,0,0,128,False,4,2,0
12,3,3,128,False,5,2,0
13,3,3,32,False,5,0,0
14,2,0,8,True,2,1,0
15,1,1,128,False,6,2,0
16,0,0,128,False,7,2,0
17,1,1,32,False,6,0,0
18,0,0,32,False,7,0,0
19,0,0,32,False,8,0,0
20,1,1,128,False,8,2,0
21,0,0,32,False,9,0,0
22,2,2,32,False,10,0,0
23,1,1,8,False,3,1,0
24,3,3,128,False,9,2,0
25,4,0,32,True,11,0,0
26,3,3,128,False,10,2,0
27,4,4,128,False,11,2,0
28,0,0,8,False,4,1,0
29,0,0,8,False,5,1,0
30,0,0,32,False,12,0,0
31,1,1,128,False,12,2,0
32,0,0,32,False,13,0,0
33,0,0,128,False,13,2,0
34,2,2,128,False,14,2,0
35,1,1,8,False,6,1,0
36,0,0,32,False,14,0,0
37,0,0,8,False,7,1,0
38,0,0,8,False,8,1,0
39,1,0,8,True,9,1,0
40,0,0,8,False,10,1,0
41,0,0,8,False,11,1,0
42,0,0,8,False,12,1,0
43,0,0,8,False,13,1,0
44,0,0,8,False,14,1,0
0,0,0,8,False,0,1,1
1,0,0,32,False,0,0,1
2,0,0,32,False,1,0,1
3,0,0,32,False,2,0,1
4,0,0,128,False,0,2,1
5,0,0,128,False,1,2,1
6,1,1,8,False,1,1,1
7,1,1,8,False,2,1,1
8,1,1,128,False,2,2,1
9,0,0,128,False,3,2,1
10,2,2,32,False,3,0,1
11,0,0,32,False,4,0,1
12,0,0,8,False,3,1,1
13,0,0,32,False,5,0,1
14,3,0,8,True,4,1,1
15,1,1,128,False,4,2,1
16,1,1,128,False,5,2,1
17,1,1,32,False,6,0,1
18,1,1,8,False,5,1,1
19,0,0,8,False,6,1,1
20,0,0,32,False,7,0,1
21,1,1,128,False,6,2,1
22,0,0,32,False,8,0,1
23,0,0,128,False,7,2,1
24,0,0,8,False,7,1,1
25,0,0,8,False,8,1,1
26,0,0,32,False,9,0,1
27,2,2,32,False,10,0,1
28,0,0,32,False,11,0,1
29,2,2,32,False,12,0,1
30,0,0,8,False,9,1,1
31,5,0,8,True,10,1,1
32,1,1,128,False,8,2,1
33,1,0,8,True,11,1,1
34,0,0,128,False,9,2,1
35,0,0,8,False,12,1,1
36,1,1,128,False,10,2,1
37,0,0,128,False,11,2,1
38,0,0,8,False,13,1,1
39,1,1,128,False,12,2,1
40,1,1,8,False,14,1,1
41,1,1,32,False,13,0,1
42,0,0,32,False,14,0,1
43,1,1,128,False,13,2,1
44,0,0,128,False,14,2,1
0,5,5,32,False,0,0,2
1,2,2,8,False,0,1,2
2,1,1,128,False,0,2,2
3,1,1,8,False,1,1,2
4,1,0,8,True,2,1,2
5,1,1,8,False,3,1,2
6,0,0,32,False,1,0,2
7,0,0,32,False,2,0,2
8,3,3,128,False,1,2,2
9,2,2,32,False,3,0,2
10,0,0,128,False,2,2,2
11,0,0,32,False,4,0,2
12,1,1,128,False,3,2,2
13,1,1,128,False,4,2,2
14,0,0,32,False,5,0,2
15,0,0,128,False,5,2,2
16,0,0,32,False,6,0,2
17,1,1,8,False,4,1,2
18,0,0,128,False,6,2,2
19,0,0,128,False,7,2,2
20,1,1,32,False,7,0,2
21,4,4,32,False,8,0,2
22,1,1,32,False,9,0,2
23,0,0,128,False,8,2,2
24,0,0,8,False,5,1,2
25,1,1,32,False,10,0,2
26,2,2,128,False,9,2,2
27,1,1,8,False,6,1,2
28,0,0,32,False,11,0,2
29,0,0,8,False,7,1,2
30,6,6,8,False,8,1,2
31,1,1,128,False,10,2,2
32,2,2,8,False,9,1,2
33,0,0,128,False,11,2,2
34,0,0,128,False,12,2,2
35,0,0,32,False,12,0,2
36,0,0,32,False,13,0,2
37,0,0,32,False,14,0,2
38,0,0,8,False,10,1,2
39,3,3,128,False,13,2,2
40,6,6,128,False,14,2,2
41,1,1,8,False,11,1,2
42,1,1,8,False,12,1,2
43,4,4,8,False,13,1,2
44,0,0,8,False,14,1,2
0,1,1,8,False,0,1,3
1,8,8,32,False,0,0,3
2,0,0,128,False,0,2,3
3,1,1,32,False,1,0,3
4,1,1,128,False,1,2,3
5,0,0,32,False,2,0,3
6,0,0,32,False,3,0,3
7,0,0,32,False,4,0,3
8,3,3,8,False,1,1,3
9,0,0,8,False,2,1,3
10,0,0,8,False,3,1,3
11,1,1,32,False,5,0,3
12,0,0,32,False,6,0,3
13,1,1,32,False,7,0,3
14,0,0,128,False,2,2,3
15,0,0,8,False,4,1,3
16,0,0,128,False,3,2,3
17,0,0,32,False,8,0,3
18,0,0,128,False,4,2,3
19,2,2,128,False,5,2,3
20,0,0,32,False,9,0,3
21,0,0,128,False,6,2,3
22,0,0,8,False,5,1,3
23,5,5,8,False,6,1,3
24,0,0,32,False,10,0,3
25,1,1,32,False,11,0,3
26,1,1,32,False,12,0,3
27,0,0,32,False,13,0,3
28,0,0,8,False,7,1,3
29,1,1,32,False,14,0,3
30,0,0,128,False,7,2,3
31,0,0,8,False,8,1,3
32,1,1,8,False,9,1,3
33,2,2,8,False,10,1,3
34,1,1,128,False,8,2,3
35,1,0,8,True,11,1,3
36,0,0,8,False,12,1,3
37,1,1,8,False,13,1,3
38,1,1,8,False,14,1,3
39,0,0,128,False,9,2,3
40,2,2,128,False,10,2,3
41,1,1,128,False,11,2,3
42,1,1,128,False,12,2,3
43,0,0,128,False,13,2,3
44,2,2,128,False,14,2,3
0,5,0,8,True,0,1,4
1,0,0,32,False,0,0,4
2,0,0,32,False,1,0,4
3,2,0,8,True,1,1,4
4,0,0,32,False,2,0,4
5,3,0,8,True,2,1,4
6,0,0,8,False,3,1,4
7,0,0,128,False,0,2,4
8,2,2,8,False,4,1,4
9,0,0,32,False,3,0,4
10,0,0,32,False,4,0,4
11,0,0,128,False,1,2,4
12,1,1,8,False,5,1,4
13,0,0,128,False,2,2,4
14,0,0,32,False,5,0,4
15,4,0,8,True,6,1,4
16,0,0,32,False,6,0,4
17,0,0,8,False,7,1,4
18,3,3,8,False,8,1,4
19,5,5,128,False,3,2,4
20,1,1,128,False,4,2,4
21,0,0,8,False,9,1,4
22,0,0,8,False,10,1,4
23,0,0,32,False,7,0,4
24,1,1,8,False,11,1,4
25,0,0,8,False,12,1,4
26,1,1,8,False,13,1,4
27,0,0,8,False,14,1,4
28,0,0,32,False,8,0,4
29,0,0,32,False,9,0,4
30,0,0,128,False,5,2,4
31,2,2,32,False,10,0,4
32,1,1,128,False,6,2,4
33,0,0,32,False,11,0,4
34,2,0,128,True,7,2,4
35,1,1,128,False,8,2,4
36,5,0,32,True,12,0,4
37,0,0,128,False,9,2,4
38,3,3,128,False,10,2,4
39,0,0,128,False,11,2,4
40,2,2,32,False,13,0,4
41,0,0,32,False,14,0,4
42,1,1,128,False,12,2,4
43,1,1,128,False,13,2,4
44,0,0,128,False,14,2,4
0,2,2,128,False,0,2,5
1,11,11,128,False,1,2,5
2,0,0,8,False,0,1,5
3,0,0,128,False,2,2,5
4,0,0,8,False,1,1,5
5,0,0,8,False,2,1,5
6,2,0,8,True,3,1,5
7,1,1,128,False,3,2,5
8,0,0,32,False,0,0,5
9,0,0,32,False,1,0,5
10,3,3,128,False,4,2,5
11,2,2,128,False,5,2,5
12,0,0,8,False,4,1,5
13,3,3,128,False,6,2,5
14,1,1,128,False,7,2,5
15,0,0,8,False,5,1,5
16,0,0,128,False,8,2,5
17,2,2,32,False,2,0,5
18,2,2,128,False,9,2,5
19,0,0,128,False,10,2,5
20,2,2,32,False,3,0,5
21,0,0,8,False,6,1,5
22,0,0,128,False,11,2,5
23,1,1,128,False,12,2,5
24,0,0,8,False,7,1,5
25,0,0,128,False,13,2,5
26,0,0,8,False,8,1,5
27,1,1,32,False,4,0,5
28,2,2,128,False,14,2,5
29,0,0,8,False,9,1,5
30,1,1,8,False,10,1,5
31,0,0,32,False,5,0,5
32,0,0,32,False,6,0,5
33,2,2,32,False,7,0,5
34,2,2,8,False,11,1,5
35,0,0,8,False,12,1,5
36,0,0,32,False,8,0,5
37,0,0,8,False,13,1,5
38,3,0,8,True,14,1,5
39,0,0,32,False,9,0,5
40,0,0,32,False,10,0,5
41,0,0,32,False,11,0,5
42,0,0,32,False,12,0,5
43,0,0,32,False,13,0,5
44,0,0,32,False,14,0,5
0,0,0,32,False,0,0,6
1,0,0,128,False,0,2,6
2,0,0,32,False,1,0,6
3,5,5,8,False,0,1,6
4,1,1,32,False,2,0,6
5,0,0,8,False,1,1,6
6,0,0,32,False,3,0,6
7,0,0,8,False,2,1,6
8,1,1,8,False,3,1,6
9,1,1,8,False,4,1,6
10,1,1,128,False,1,2,6
11,1,1,8,False,5,1,6
12,2,2,32,False,4,0,6
13,1,1,32,False,5,0,6
14,2,2,128,False,2,2,6
15,0,0,32,False,6,0,6
16,1,1,32,False,7,0,6
17,3,3,32,False,8,0,6
18,0,0,128,False,3,2,6
19,0,0,8,False,6,1,6
20,0,0,8,False,7,1,6
21,0,0,32,False,9,0,6
22,0,0,32,False,10,0,6
23,0,0,128,False,4,2,6
24,1,1,8,False,8,1,6
25,1,1,8,False,9,1,6
26,3,3,128,False,5,2,6
27,0,0,128,False,6,2,6
28,0,0,8,False,10,1,6
29,0,0,32,False,11,0,6
30,2,2,32,False,12,0,6
31,0,0,8,False,11,1,6
32,1,1,32,False,13,0,6
33,4,4,128,False,7,2,6
34,0,0,128,False,8,2,6
35,0,0,32,False,14,0,6
36,0,0,128,False,9,2,6
37,2,0,8,True,12,1,6
38,0,0,8,False,13,1,6
39,0,0,128,False,10,2,6
40,0,0,8,False,14,1,6
41,0,0,128,False,11,2,6
42,0,0,128,False,12,2,6
43,1,1,128,False,13,2,6
44,0,0,128,False,14,2,6
0,2,2,128,False,0,2,7
1,2,2,8,False,0,1,7
2,0,0,128,False,1,2,7
3,1,1,32,False,0,0,7
4,2,2,128,False,2,2,7
5,1,1,8,False,1,1,7
6,0,0,32,False,1,0,7
7,0,0,8,False,2,1,7
8,0,0,32,False,2,0,7
9,3,3,128,False,3,2,7
10,2,2,8,False,3,1,7
11,6,6,32,False,3,0,7
12,1,1,128,False,4,2,7
13,0,0,8,False,4,1,7
14,1,1,8,False,5,1,7
15,0,0,8,False,6,1,7
16,0,0,128,False,5,2,7
17,0,0,8,False,7,1,7
18,1,1,128,False,6,2,7
19,0,0,8,False,8,1,7
20,1,1,32,False,4,0,7
21,1,1,32,False,5,0,7
22,2,2,32,False,6,0,7
23,0,0,8,False,9,1,7
24,1,1,128,False,7,2,7
25,1,1,32,False,7,0,7
26,0,0,8,False,10,1,7
27,1,0,8,True,11,1,7
28,0,0,32,False,8,0,7
29,0,0,128,False,8,2,7
30,0,0,8,False,12,1,7
31,2,2,32,False,9,0,7
32,1,0,8,True,13,1,7
33,0,0,128,False,9,2,7
34,2,2,8,False,14,1,7
35,1,1,32,False,10,0,7
36,0,0,128,False,10,2,7
37,0,0,32,False,11,0,7
38,0,0,32,False,12,0,7
39,1,1,128,False,11,2,7
40,0,0,128,False,12,2,7
41,2,2,32,False,13,0,7
42,1,1,128,False,13,2,7
43,0,0,32,False,14,0,7
44,0,0,128,False,14,2,7
0,0,0,32,False,0,0,8
1,1,0,8,True,0,1,8
2,3,3,8,False,1,1,8
3,0,0,8,False,2,1,8
4,1,1,32,False,1,0,8
5,0,0,8,False,3,1,8
6,0,0,32,False,2,0,8
7,0,0,32,False,3,0,8
8,0,0,32,False,4,0,8
9,0,0,128,False,0,2,8
10,1,1,32,False,5,0,8
11,0,0,128,False,1,2,8
12,0,0,8,False,4,1,8
13,0,0,8,False,5,1,8
14,2,2,128,False,2,2,8
15,0,0,8,False,6,1,8
16,0,0,128,False,3,2,8
17,0,0,8,False,7,1,8
18,0,0,8,False,8,1,8
19,1,1,128,False,4,2,8
20,0,0,128,False,5,2,8
21,2,2,32,False,6,0,8
22,1,1,32,False,7,0,8
23,1,0,8,True,9,1,8
24,0,0,32,False,8,0,8
25,0,0,8,False,10,1,8
26,1,1,8,False,11,1,8
27,3,3,32,False,9,0,8
28,0,0,128,False,6,2,8
29,0,0,8,False,12,1,8
30,1,1,32,False,10,0,8
31,0,0,8,False,13,1,8
32,2,2,32,False,11,0,8
33,1,0,8,True,14,1,8
34,0,0,32,False,12,0,8
35,0,0,128,False,7,2,8
36,1,1,32,False,13,0,8
37,2,2,32,False,14,0,8
38,3,3,128,False,8,2,8
39,0,0,128,False,9,2,8
40,1,1,128,False,10,2,8
41,2,2,128,False,11,2,8
42,0,0,128,False,12,2,8
43,1,1,128,False,13,2,8
44,1,1,128,False,14,2,8
0,0,0,32,False,0,0,9
1,2,0,8,True,0,1,9
2,0,0,8,False,1,1,9
3,1,1,128,False,0,2,9
4,0,0,32,False,1,0,9
5,1,1,8,False,2,1,9
6,0,0,128,False,1,2,9
7,4,4,32,False,2,0,9
8,3,3,8,False,3,1,9
9,0,0,32,False,3,0,9
10,0,0,32,False,4,0,9
11,0,0,8,False,4,1,9
12,0,0,8,False,5,1,9
13,0,0,128,False,2,2,9
14,3,3,128,False,3,2,9
15,1,0,128,True,4,2,9
16,1,1,128,False,5,2,9
17,2,2,128,False,6,2,9
18,0,0,8,False,6,1,9
19,1,1,8,False,7,1,9
20,3,3,128,False,7,2,9
21,3,3,32,False,5,0,9
22,2,2,8,False,8,1,9
23,0,0,128,False,8,2,9
24,2,2,128,False,9,2,9
25,0,0,32,False,6,0,9
26,0,0,32,False,7,0,9
27,0,0,32,False,8,0,9
28,1,1,8,False,9,1,9
29,1,1,128,False,10,2,9
30,0,0,128,False,11,2,9
31,0,0,128,False,12,2,9
32,2,2,32,False,9,0,9
33,4,4,8,False,10,1,9
34,0,0,32,False,10,0,9
35,1,1,32,False,11,0,9
36,2,2,8,False,11,1,9
37,1,1,32,False,12,0,9
38,1,1,32,False,13,0,9
39,0,0,128,False,13,2,9
40,3,3,128,False,14,2,9
41,1,1,8,False,12,1,9
42,1,1,8,False,13,1,9
43,0,0,8,False,14,1,9
44,0,0,32,False,14,0,9
